4.4351e-06,6.0008e-06,8.0379e-06,1.0658e-05,1.3992e-05,1.8183e-05,2.3393e-05,2.9794e-05,3.7567e-05,4.6891e-05,5.7944e-05,7.0883e-05,8.5843e-05,0.00010292,0.00012215,0.00014352,0.00016695,0.00019224,0.00021916,0.00024733,0.00027633,0.00030563,0.00033464,0.00036274,0.00038926,0.00041352,0.00043489,0.00045278,0.00046668,0.00047618,0.000481,0.000481,0.00047618,0.00046668,0.00045278,0.00043489,0.00041352,0.00038926,0.00036274,0.00033464,0.00030563,0.00027633,0.00024733,0.00021916,0.00019224,0.00016695,0.00014352,0.00012215,0.00010292,8.5843e-05,7.0883e-05,5.7944e-05,4.6891e-05,3.7567e-05,2.9794e-05,2.3393e-05,1.8183e-05,1.3992e-05,1.0658e-05,8.0379e-06,6.0008e-06,4.4351e-06,3.2451e-06,6.0008e-06,8.1193e-06,1.0875e-05,1.4421e-05,1.8931e-05,2.4602e-05,3.1652e-05,4.0313e-05,5.0829e-05,6.3445e-05,7.8399e-05,9.5907e-05,0.00011615,0.00013925,0.00016527,0.00019419,0.00022588,0.00026011,0.00029652,0.00033464,0.00037388,0.00041352,0.00045278,0.0004908,0.00052667,0.0005595,0.00058842,0.00061262,0.00063143,0.00064429,0.00065081,0.00065081,0.00064429,0.00063143,0.00061262,0.00058842,0.0005595,0.00052667,0.0004908,0.00045278,0.00041352,0.00037388,0.00033464,0.00029652,0.00026011,0.00022588,0.00019419,0.00016527,0.00013925,0.00011615,9.5907e-05,7.8399e-05,6.3445e-05,5.0829e-05,4.0313e-05,3.1652e-05,2.4602e-05,1.8931e-05,1.4421e-05,1.0875e-05,8.1193e-06,6.0008e-06,4.3907e-06,8.0379e-06,1.0875e-05,1.4567e-05,1.9317e-05,2.5357e-05,3.2954e-05,4.2396e-05,5.3997e-05,6.8083e-05,8.4982e-05,0.00010501,0.00012846,0.00015558,0.00018652,0.00022138,0.00026011,0.00030256,0.00034841,0.00039718,0.00044824,0.00050079,0.00055389,0.00060648,0.0006574,0.00070546,0.00074943,0.00078816,0.00082058,0.00084577,0.00086299,0.00087173,0.00087173,0.00086299,0.00084577,0.00082058,0.00078816,0.00074943,0.00070546,0.0006574,0.00060648,0.00055389,0.00050079,0.00044824,0.00039718,0.00034841,0.00030256,0.00026011,0.00022138,0.00018652,0.00015558,0.00012846,0.00010501,8.4982e-05,6.8083e-05,5.3997e-05,4.2396e-05,3.2954e-05,2.5357e-05,1.9317e-05,1.4567e-05,1.0875e-05,8.0379e-06,5.8811e-06,1.0658e-05,1.4421e-05,1.9317e-05,2.5614e-05,3.3625e-05,4.3697e-05,5.6218e-05,7.1601e-05,9.028e-05,0.00011269,0.00013925,0.00017035,0.0002063,0.00024733,0.00029355,0.00034492,0.0004012,0.000462,0.00052667,0.00059438,0.00066406,0.00073448,0.00080421,0.00087173,0.00093545,0.00099376,0.0010451,0.0010881,0.0011215,0.0011444,0.0011559,0.0011559,0.0011444,0.0011215,0.0010881,0.0010451,0.00099376,0.00093545,0.00087173,0.00080421,0.00073448,0.00066406,0.00059438,0.00052667,0.000462,0.0004012,0.00034492,0.00029355,0.00024733,0.0002063,0.00017035,0.00013925,0.00011269,9.028e-05,7.1601e-05,5.6218e-05,4.3697e-05,3.3625e-05,2.5614e-05,1.9317e-05,1.4421e-05,1.0658e-05,7.7985e-06,1.3992e-05,1.8931e-05,2.5357e-05,3.3625e-05,4.414e-05,5.7363e-05,7.3799e-05,9.3993e-05,0.00011851,0.00014793,0.0001828,0.00022362,0.00027081,0.00032468,0.00038535,0.00045278,0.00052667,0.00060648,0.00069138,0.00078026,0.00087173,0.00096417,0.0010557,0.0011444,0.001228,0.0013045,0.001372,0.0014284,0.0014722,0.0015022,0.0015174,0.0015174,0.0015022,0.0014722,0.0014284,0.001372,0.0013045,0.001228,0.0011444,0.0010557,0.00096417,0.00087173,0.00078026,0.00069138,0.00060648,0.00052667,0.00045278,0.00038535,0.00032468,0.00027081,0.00022362,0.0001828,0.00014793,0.00011851,9.3993e-05,7.3799e-05,5.7363e-05,4.414e-05,3.3625e-05,2.5357e-05,1.8931e-05,1.3992e-05,1.0237e-05,1.8183e-05,2.4602e-05,3.2954e-05,4.3697e-05,5.7363e-05,7.4547e-05,9.5907e-05,0.00012215,0.00015402,0.00019224,0.00023756,0.00029061,0.00035194,0.00042194,0.00050079,0.00058842,0.00068445,0.00078816,0.00089849,0.001014,0.0011329,0.001253,0.001372,0.0014872,0.0015959,0.0016953,0.001783,0.0018563,0.0019133,0.0019522,0.001972,0.001972,0.0019522,0.0019133,0.0018563,0.001783,0.0016953,0.0015959,0.0014872,0.001372,0.001253,0.0011329,0.001014,0.00089849,0.00078816,0.00068445,0.00058842,0.00050079,0.00042194,0.00035194,0.00029061,0.00023756,0.00019224,0.00015402,0.00012215,9.5907e-05,7.4547e-05,5.7363e-05,4.3697e-05,3.2954e-05,2.4602e-05,1.8183e-05,1.3304e-05,2.3393e-05,3.1652e-05,4.2396e-05,5.6218e-05,7.3799e-05,9.5907e-05,0.00012339,0.00015715,0.00019815,0.00024733,0.00030563,0.00037388,0.00045278,0.00054284,0.00064429,0.00075702,0.00088056,0.001014,0.0011559,0.0013045,0.0014575,0.001612,0.0017651,0.0019133,0.0020531,0.0021811,0.0022938,0.0023882,0.0024615,0.0025116,0.0025371,0.0025371,0.0025116,0.0024615,0.0023882,0.0022938,0.0021811,0.0020531,0.0019133,0.0017651,0.001612,0.0014575,0.0013045,0.0011559,0.001014,0.00088056,0.00075702,0.00064429,0.00054284,0.00045278,0.00037388,0.00030563,0.00024733,0.00019815,0.00015715,0.00012339,9.5907e-05,7.3799e-05,5.6218e-05,4.2396e-05,3.1652e-05,2.3393e-05,1.7116e-05,2.9794e-05,4.0313e-05,5.3997e-05,7.1601e-05,9.3993e-05,0.00012215,0.00015715,0.00020015,0.00025237,0.00031501,0.00038926,0.00047618,0.00057668,0.00069138,0.00082058,0.00096417,0.0011215,0.0012915,0.0014722,0.0016615,0.0018563,0.0020531,0.0022481,0.0024368,0.0026149,0.0027779,0.0029215,0.0030417,0.0031351,0.0031989,0.0032313,0.0032313,0.0031989,0.0031351,0.0030417,0.0029215,0.0027779,0.0026149,0.0024368,0.0022481,0.0020531,0.0018563,0.0016615,0.0014722,0.0012915,0.0011215,0.00096417,0.00082058,0.00069138,0.00057668,0.00047618,0.00038926,0.00031501,0.00025237,0.00020015,0.00015715,0.00012215,9.3993e-05,7.1601e-05,5.3997e-05,4.0313e-05,2.9794e-05,2.18e-05,3.7567e-05,5.0829e-05,6.8083e-05,9.028e-05,0.00011851,0.00015402,0.00019815,0.00025237,0.0003182,0.00039718,0.0004908,0.0006004,0.00072711,0.00087173,0.0010346,0.0012157,0.0014141,0.0016284,0.0018563,0.0020949,0.0023405,0.0025887,0.0028345,0.0030725,0.0032971,0.0035026,0.0036836,0.0038352,0.0039529,0.0040334,0.0040742,0.0040742,0.0040334,0.0039529,0.0038352,0.0036836,0.0035026,0.0032971,0.0030725,0.0028345,0.0025887,0.0023405,0.0020949,0.0018563,0.0016284,0.0014141,0.0012157,0.0010346,0.00087173,0.00072711,0.0006004,0.0004908,0.00039718,0.0003182,0.00025237,0.00019815,0.00015402,0.00011851,9.028e-05,6.8083e-05,5.0829e-05,3.7567e-05,2.7486e-05,4.6891e-05,6.3445e-05,8.4982e-05,0.00011269,0.00014793,0.00019224,0.00024733,0.00031501,0.00039718,0.00049577,0.00061262,0.00074943,0.00090759,0.0010881,0.0012915,0.0015174,0.0017651,0.0020325,0.0023171,0.0026149,0.0029215,0.0032313,0.0035381,0.0038352,0.0041155,0.004372,0.004598,0.0047871,0.0049341,0.0050345,0.0050855,0.0050855,0.0050345,0.0049341,0.0047871,0.004598,0.004372,0.0041155,0.0038352,0.0035381,0.0032313,0.0029215,0.0026149,0.0023171,0.0020325,0.0017651,0.0015174,0.0012915,0.0010881,0.00090759,0.00074943,0.00061262,0.00049577,0.00039718,0.00031501,0.00024733,0.00019224,0.00014793,0.00011269,8.4982e-05,6.3445e-05,4.6891e-05,3.4309e-05,5.7944e-05,7.8399e-05,0.00010501,0.00013925,0.0001828,0.00023756,0.00030563,0.00038926,0.0004908,0.00061262,0.00075702,0.00092607,0.0011215,0.0013446,0.0015959,0.0018751,0.0021811,0.0025116,0.0028632,0.0032313,0.0036101,0.0039929,0.004372,0.0047391,0.0050855,0.0054025,0.0056817,0.0059155,0.006097,0.0062212,0.0062842,0.0062842,0.0062212,0.006097,0.0059155,0.0056817,0.0054025,0.0050855,0.0047391,0.004372,0.0039929,0.0036101,0.0032313,0.0028632,0.0025116,0.0021811,0.0018751,0.0015959,0.0013446,0.0011215,0.00092607,0.00075702,0.00061262,0.0004908,0.00038926,0.00030563,0.00023756,0.0001828,0.00013925,0.00010501,7.8399e-05,5.7944e-05,4.2396e-05,7.0883e-05,9.5907e-05,0.00012846,0.00017035,0.00022362,0.00029061,0.00037388,0.00047618,0.0006004,0.00074943,0.00092607,0.0011329,0.001372,0.0016449,0.0019522,0.0022938,0.0026682,0.0030725,0.0035026,0.0039529,0.0044163,0.0048846,0.0053483,0.0057974,0.0062212,0.006609,0.0069505,0.0072365,0.0074586,0.0076104,0.0076875,0.0076875,0.0076104,0.0074586,0.0072365,0.0069505,0.006609,0.0062212,0.0057974,0.0053483,0.0048846,0.0044163,0.0039529,0.0035026,0.0030725,0.0026682,0.0022938,0.0019522,0.0016449,0.001372,0.0011329,0.00092607,0.00074943,0.0006004,0.00047618,0.00037388,0.00029061,0.00022362,0.00017035,0.00012846,9.5907e-05,7.0883e-05,5.1863e-05,8.5843e-05,0.00011615,0.00015558,0.0002063,0.00027081,0.00035194,0.00045278,0.00057668,0.00072711,0.00090759,0.0011215,0.001372,0.0016615,0.001992,0.0023643,0.0027779,0.0032313,0.0037209,0.0042418,0.0047871,0.0053483,0.0059155,0.0064771,0.0070209,0.0075341,0.0080038,0.0084174,0.0087637,0.0090327,0.0092166,0.00931,0.00931,0.0092166,0.0090327,0.0087637,0.0084174,0.0080038,0.0075341,0.0070209,0.0064771,0.0059155,0.0053483,0.0047871,0.0042418,0.0037209,0.0032313,0.0027779,0.0023643,0.001992,0.0016615,0.001372,0.0011215,0.00090759,0.00072711,0.00057668,0.00045278,0.00035194,0.00027081,0.0002063,0.00015558,0.00011615,8.5843e-05,6.2809e-05,0.00010292,0.00013925,0.00018652,0.00024733,0.00032468,0.00042194,0.00054284,0.00069138,0.00087173,0.0010881,0.0013446,0.0016449,0.001992,0.0023882,0.0028345,0.0033305,0.003874,0.004461,0.0050855,0.0057393,0.0064121,0.0070921,0.0077654,0.0084174,0.0090327,0.0095957,0.010092,0.010507,0.010829,0.01105,0.011162,0.011162,0.01105,0.010829,0.010507,0.010092,0.0095957,0.0090327,0.0084174,0.0077654,0.0070921,0.0064121,0.0057393,0.0050855,0.004461,0.003874,0.0033305,0.0028345,0.0023882,0.001992,0.0016449,0.0013446,0.0010881,0.00087173,0.00069138,0.00054284,0.00042194,0.00032468,0.00024733,0.00018652,0.00013925,0.00010292,7.5302e-05,0.00012215,0.00016527,0.00022138,0.00029355,0.00038535,0.00050079,0.00064429,0.00082058,0.0010346,0.0012915,0.0015959,0.0019522,0.0023643,0.0028345,0.0033642,0.0039529,0.004598,0.0052947,0.0060359,0.0068118,0.0076104,0.0084174,0.0092166,0.0099905,0.010721,0.011389,0.011978,0.01247,0.012853,0.013115,0.013248,0.013248,0.013115,0.012853,0.01247,0.011978,0.011389,0.010721,0.0099905,0.0092166,0.0084174,0.0076104,0.0068118,0.0060359,0.0052947,0.004598,0.0039529,0.0033642,0.0028345,0.0023643,0.0019522,0.0015959,0.0012915,0.0010346,0.00082058,0.00064429,0.00050079,0.00038535,0.00029355,0.00022138,0.00016527,0.00012215,8.9374e-05,0.00014352,0.00019419,0.00026011,0.00034492,0.00045278,0.00058842,0.00075702,0.00096417,0.0012157,0.0015174,0.0018751,0.0022938,0.0027779,0.0033305,0.0039529,0.0046446,0.0054025,0.0062212,0.0070921,0.0080038,0.0089421,0.0098903,0.010829,0.011739,0.012597,0.013382,0.014073,0.014652,0.015102,0.01541,0.015566,0.015566,0.01541,0.015102,0.014652,0.014073,0.013382,0.012597,0.011739,0.010829,0.0098903,0.0089421,0.0080038,0.0070921,0.0062212,0.0054025,0.0046446,0.0039529,0.0033305,0.0027779,0.0022938,0.0018751,0.0015174,0.0012157,0.00096417,0.00075702,0.00058842,0.00045278,0.00034492,0.00026011,0.00019419,0.00014352,0.00010501,0.00016695,0.00022588,0.00030256,0.0004012,0.00052667,0.00068445,0.00088056,0.0011215,0.0014141,0.0017651,0.0021811,0.0026682,0.0032313,0.003874,0.004598,0.0054025,0.0062842,0.0072365,0.0082495,0.00931,0.010401,0.011504,0.012597,0.013654,0.014652,0.015566,0.01637,0.017044,0.017567,0.017924,0.018106,0.018106,0.017924,0.017567,0.017044,0.01637,0.015566,0.014652,0.013654,0.012597,0.011504,0.010401,0.00931,0.0082495,0.0072365,0.0062842,0.0054025,0.004598,0.003874,0.0032313,0.0026682,0.0021811,0.0017651,0.0014141,0.0011215,0.00088056,0.00068445,0.00052667,0.0004012,0.00030256,0.00022588,0.00016695,0.00012215,0.00019224,0.00026011,0.00034841,0.000462,0.00060648,0.00078816,0.001014,0.0012915,0.0016284,0.0020325,0.0025116,0.0030725,0.0037209,0.004461,0.0052947,0.0062212,0.0072365,0.008333,0.0094995,0.010721,0.011978,0.013248,0.014505,0.015723,0.016873,0.017924,0.018851,0.019626,0.020229,0.02064,0.02085,0.02085,0.02064,0.020229,0.019626,0.018851,0.017924,0.016873,0.015723,0.014505,0.013248,0.011978,0.010721,0.0094995,0.008333,0.0072365,0.0062212,0.0052947,0.004461,0.0037209,0.0030725,0.0025116,0.0020325,0.0016284,0.0012915,0.001014,0.00078816,0.00060648,0.000462,0.00034841,0.00026011,0.00019224,0.00014066,0.00021916,0.00029652,0.00039718,0.00052667,0.00069138,0.00089849,0.0011559,0.0014722,0.0018563,0.0023171,0.0028632,0.0035026,0.0042418,0.0050855,0.0060359,0.0070921,0.0082495,0.0094995,0.010829,0.012221,0.013654,0.015102,0.016536,0.017924,0.019235,0.020434,0.02149,0.022374,0.02306,0.02353,0.023768,0.023768,0.02353,0.02306,0.022374,0.02149,0.020434,0.019235,0.017924,0.016536,0.015102,0.013654,0.012221,0.010829,0.0094995,0.0082495,0.0070921,0.0060359,0.0050855,0.0042418,0.0035026,0.0028632,0.0023171,0.0018563,0.0014722,0.0011559,0.00089849,0.00069138,0.00052667,0.00039718,0.00029652,0.00021916,0.00016035,0.00024733,0.00033464,0.00044824,0.00059438,0.00078026,0.001014,0.0013045,0.0016615,0.0020949,0.0026149,0.0032313,0.0039529,0.0047871,0.0057393,0.0068118,0.0080038,0.00931,0.010721,0.012221,0.013793,0.01541,0.017044,0.018662,0.020229,0.021707,0.02306,0.024252,0.02525,0.026025,0.026555,0.026824,0.026824,0.026555,0.026025,0.02525,0.024252,0.02306,0.021707,0.020229,0.018662,0.017044,0.01541,0.013793,0.012221,0.010721,0.00931,0.0080038,0.0068118,0.0057393,0.0047871,0.0039529,0.0032313,0.0026149,0.0020949,0.0016615,0.0013045,0.001014,0.00078026,0.00059438,0.00044824,0.00033464,0.00024733,0.00018096,0.00027633,0.00037388,0.00050079,0.00066406,0.00087173,0.0011329,0.0014575,0.0018563,0.0023405,0.0029215,0.0036101,0.0044163,0.0053483,0.0064121,0.0076104,0.0089421,0.010401,0.011978,0.013654,0.01541,0.017216,0.019042,0.02085,0.0226,0.024252,0.025764,0.027095,0.02821,0.029076,0.029668,0.029968,0.029968,0.029668,0.029076,0.02821,0.027095,0.025764,0.024252,0.0226,0.02085,0.019042,0.017216,0.01541,0.013654,0.011978,0.010401,0.0089421,0.0076104,0.0064121,0.0053483,0.0044163,0.0036101,0.0029215,0.0023405,0.0018563,0.0014575,0.0011329,0.00087173,0.00066406,0.00050079,0.00037388,0.00027633,0.00020218,0.00030563,0.00041352,0.00055389,0.00073448,0.00096417,0.001253,0.001612,0.0020531,0.0025887,0.0032313,0.0039929,0.0048846,0.0059155,0.0070921,0.0084174,0.0098903,0.011504,0.013248,0.015102,0.017044,0.019042,0.021061,0.02306,0.024997,0.026824,0.028496,0.029968,0.031201,0.032159,0.032814,0.033146,0.033146,0.032814,0.032159,0.031201,0.029968,0.028496,0.026824,0.024997,0.02306,0.021061,0.019042,0.017044,0.015102,0.013248,0.011504,0.0098903,0.0084174,0.0070921,0.0059155,0.0048846,0.0039929,0.0032313,0.0025887,0.0020531,0.001612,0.001253,0.00096417,0.00073448,0.00055389,0.00041352,0.00030563,0.00022362,0.00033464,0.00045278,0.00060648,0.00080421,0.0010557,0.001372,0.0017651,0.0022481,0.0028345,0.0035381,0.004372,0.0053483,0.0064771,0.0077654,0.0092166,0.010829,0.012597,0.014505,0.016536,0.018662,0.02085,0.02306,0.02525,0.02737,0.02937,0.031201,0.032814,0.034164,0.035212,0.035929,0.036293,0.036293,0.035929,0.035212,0.034164,0.032814,0.031201,0.02937,0.02737,0.02525,0.02306,0.02085,0.018662,0.016536,0.014505,0.012597,0.010829,0.0092166,0.0077654,0.0064771,0.0053483,0.004372,0.0035381,0.0028345,0.0022481,0.0017651,0.001372,0.0010557,0.00080421,0.00060648,0.00045278,0.00033464,0.00024485,0.00036274,0.0004908,0.0006574,0.00087173,0.0011444,0.0014872,0.0019133,0.0024368,0.0030725,0.0038352,0.0047391,0.0057974,0.0070209,0.0084174,0.0099905,0.011739,0.013654,0.015723,0.017924,0.020229,0.0226,0.024997,0.02737,0.029668,0.031836,0.033821,0.035569,0.037032,0.038169,0.038946,0.03934,0.03934,0.038946,0.038169,0.037032,0.035569,0.033821,0.031836,0.029668,0.02737,0.024997,0.0226,0.020229,0.017924,0.015723,0.013654,0.011739,0.0099905,0.0084174,0.0070209,0.0057974,0.0047391,0.0038352,0.0030725,0.0024368,0.0019133,0.0014872,0.0011444,0.00087173,0.0006574,0.0004908,0.00036274,0.00026541,0.00038926,0.00052667,0.00070546,0.00093545,0.001228,0.0015959,0.0020531,0.0026149,0.0032971,0.0041155,0.0050855,0.0062212,0.0075341,0.0090327,0.010721,0.012597,0.014652,0.016873,0.019235,0.021707,0.024252,0.026824,0.02937,0.031836,0.034164,0.036293,0.038169,0.039739,0.040959,0.041793,0.042216,0.042216,0.041793,0.040959,0.039739,0.038169,0.036293,0.034164,0.031836,0.02937,0.026824,0.024252,0.021707,0.019235,0.016873,0.014652,0.012597,0.010721,0.0090327,0.0075341,0.0062212,0.0050855,0.0041155,0.0032971,0.0026149,0.0020531,0.0015959,0.001228,0.00093545,0.00070546,0.00052667,0.00038926,0.00028481,0.00041352,0.0005595,0.00074943,0.00099376,0.0013045,0.0016953,0.0021811,0.0027779,0.0035026,0.004372,0.0054025,0.006609,0.0080038,0.0095957,0.011389,0.013382,0.015566,0.017924,0.020434,0.02306,0.025764,0.028496,0.031201,0.033821,0.036293,0.038555,0.040548,0.042216,0.043512,0.044398,0.044848,0.044848,0.044398,0.043512,0.042216,0.040548,0.038555,0.036293,0.033821,0.031201,0.028496,0.025764,0.02306,0.020434,0.017924,0.015566,0.013382,0.011389,0.0095957,0.0080038,0.006609,0.0054025,0.004372,0.0035026,0.0027779,0.0021811,0.0016953,0.0013045,0.00099376,0.00074943,0.0005595,0.00041352,0.00030256,0.00043489,0.00058842,0.00078816,0.0010451,0.001372,0.001783,0.0022938,0.0029215,0.0036836,0.004598,0.0056817,0.0069505,0.0084174,0.010092,0.011978,0.014073,0.01637,0.018851,0.02149,0.024252,0.027095,0.029968,0.032814,0.035569,0.038169,0.040548,0.042644,0.044398,0.045761,0.046692,0.047165,0.047165,0.046692,0.045761,0.044398,0.042644,0.040548,0.038169,0.035569,0.032814,0.029968,0.027095,0.024252,0.02149,0.018851,0.01637,0.014073,0.011978,0.010092,0.0084174,0.0069505,0.0056817,0.004598,0.0036836,0.0029215,0.0022938,0.001783,0.001372,0.0010451,0.00078816,0.00058842,0.00043489,0.0003182,0.00045278,0.00061262,0.00082058,0.0010881,0.0014284,0.0018563,0.0023882,0.0030417,0.0038352,0.0047871,0.0059155,0.0072365,0.0087637,0.010507,0.01247,0.014652,0.017044,0.019626,0.022374,0.02525,0.02821,0.031201,0.034164,0.037032,0.039739,0.042216,0.044398,0.046224,0.047643,0.048613,0.049106,0.049106,0.048613,0.047643,0.046224,0.044398,0.042216,0.039739,0.037032,0.034164,0.031201,0.02821,0.02525,0.022374,0.019626,0.017044,0.014652,0.01247,0.010507,0.0087637,0.0072365,0.0059155,0.0047871,0.0038352,0.0030417,0.0023882,0.0018563,0.0014284,0.0010881,0.00082058,0.00061262,0.00045278,0.00033129,0.00046668,0.00063143,0.00084577,0.0011215,0.0014722,0.0019133,0.0024615,0.0031351,0.0039529,0.0049341,0.006097,0.0074586,0.0090327,0.010829,0.012853,0.015102,0.017567,0.020229,0.02306,0.026025,0.029076,0.032159,0.035212,0.038169,0.040959,0.043512,0.045761,0.047643,0.049106,0.050105,0.050613,0.050613,0.050105,0.049106,0.047643,0.045761,0.043512,0.040959,0.038169,0.035212,0.032159,0.029076,0.026025,0.02306,0.020229,0.017567,0.015102,0.012853,0.010829,0.0090327,0.0074586,0.006097,0.0049341,0.0039529,0.0031351,0.0024615,0.0019133,0.0014722,0.0011215,0.00084577,0.00063143,0.00046668,0.00034146,0.00047618,0.00064429,0.00086299,0.0011444,0.0015022,0.0019522,0.0025116,0.0031989,0.0040334,0.0050345,0.0062212,0.0076104,0.0092166,0.01105,0.013115,0.01541,0.017924,0.02064,0.02353,0.026555,0.029668,0.032814,0.035929,0.038946,0.041793,0.044398,0.046692,0.048613,0.050105,0.051126,0.051643,0.051643,0.051126,0.050105,0.048613,0.046692,0.044398,0.041793,0.038946,0.035929,0.032814,0.029668,0.026555,0.02353,0.02064,0.017924,0.01541,0.013115,0.01105,0.0092166,0.0076104,0.0062212,0.0050345,0.0040334,0.0031989,0.0025116,0.0019522,0.0015022,0.0011444,0.00086299,0.00064429,0.00047618,0.00034841,0.000481,0.00065081,0.00087173,0.0011559,0.0015174,0.001972,0.0025371,0.0032313,0.0040742,0.0050855,0.0062842,0.0076875,0.00931,0.011162,0.013248,0.015566,0.018106,0.02085,0.023768,0.026824,0.029968,0.033146,0.036293,0.03934,0.042216,0.044848,0.047165,0.049106,0.050613,0.051643,0.052166,0.052166,0.051643,0.050613,0.049106,0.047165,0.044848,0.042216,0.03934,0.036293,0.033146,0.029968,0.026824,0.023768,0.02085,0.018106,0.015566,0.013248,0.011162,0.00931,0.0076875,0.0062842,0.0050855,0.0040742,0.0032313,0.0025371,0.001972,0.0015174,0.0011559,0.00087173,0.00065081,0.000481,0.00035194,0.000481,0.00065081,0.00087173,0.0011559,0.0015174,0.001972,0.0025371,0.0032313,0.0040742,0.0050855,0.0062842,0.0076875,0.00931,0.011162,0.013248,0.015566,0.018106,0.02085,0.023768,0.026824,0.029968,0.033146,0.036293,0.03934,0.042216,0.044848,0.047165,0.049106,0.050613,0.051643,0.052166,0.052166,0.051643,0.050613,0.049106,0.047165,0.044848,0.042216,0.03934,0.036293,0.033146,0.029968,0.026824,0.023768,0.02085,0.018106,0.015566,0.013248,0.011162,0.00931,0.0076875,0.0062842,0.0050855,0.0040742,0.0032313,0.0025371,0.001972,0.0015174,0.0011559,0.00087173,0.00065081,0.000481,0.00035194,0.00047618,0.00064429,0.00086299,0.0011444,0.0015022,0.0019522,0.0025116,0.0031989,0.0040334,0.0050345,0.0062212,0.0076104,0.0092166,0.01105,0.013115,0.01541,0.017924,0.02064,0.02353,0.026555,0.029668,0.032814,0.035929,0.038946,0.041793,0.044398,0.046692,0.048613,0.050105,0.051126,0.051643,0.051643,0.051126,0.050105,0.048613,0.046692,0.044398,0.041793,0.038946,0.035929,0.032814,0.029668,0.026555,0.02353,0.02064,0.017924,0.01541,0.013115,0.01105,0.0092166,0.0076104,0.0062212,0.0050345,0.0040334,0.0031989,0.0025116,0.0019522,0.0015022,0.0011444,0.00086299,0.00064429,0.00047618,0.00034841,0.00046668,0.00063143,0.00084577,0.0011215,0.0014722,0.0019133,0.0024615,0.0031351,0.0039529,0.0049341,0.006097,0.0074586,0.0090327,0.010829,0.012853,0.015102,0.017567,0.020229,0.02306,0.026025,0.029076,0.032159,0.035212,0.038169,0.040959,0.043512,0.045761,0.047643,0.049106,0.050105,0.050613,0.050613,0.050105,0.049106,0.047643,0.045761,0.043512,0.040959,0.038169,0.035212,0.032159,0.029076,0.026025,0.02306,0.020229,0.017567,0.015102,0.012853,0.010829,0.0090327,0.0074586,0.006097,0.0049341,0.0039529,0.0031351,0.0024615,0.0019133,0.0014722,0.0011215,0.00084577,0.00063143,0.00046668,0.00034146,0.00045278,0.00061262,0.00082058,0.0010881,0.0014284,0.0018563,0.0023882,0.0030417,0.0038352,0.0047871,0.0059155,0.0072365,0.0087637,0.010507,0.01247,0.014652,0.017044,0.019626,0.022374,0.02525,0.02821,0.031201,0.034164,0.037032,0.039739,0.042216,0.044398,0.046224,0.047643,0.048613,0.049106,0.049106,0.048613,0.047643,0.046224,0.044398,0.042216,0.039739,0.037032,0.034164,0.031201,0.02821,0.02525,0.022374,0.019626,0.017044,0.014652,0.01247,0.010507,0.0087637,0.0072365,0.0059155,0.0047871,0.0038352,0.0030417,0.0023882,0.0018563,0.0014284,0.0010881,0.00082058,0.00061262,0.00045278,0.00033129,0.00043489,0.00058842,0.00078816,0.0010451,0.001372,0.001783,0.0022938,0.0029215,0.0036836,0.004598,0.0056817,0.0069505,0.0084174,0.010092,0.011978,0.014073,0.01637,0.018851,0.02149,0.024252,0.027095,0.029968,0.032814,0.035569,0.038169,0.040548,0.042644,0.044398,0.045761,0.046692,0.047165,0.047165,0.046692,0.045761,0.044398,0.042644,0.040548,0.038169,0.035569,0.032814,0.029968,0.027095,0.024252,0.02149,0.018851,0.01637,0.014073,0.011978,0.010092,0.0084174,0.0069505,0.0056817,0.004598,0.0036836,0.0029215,0.0022938,0.001783,0.001372,0.0010451,0.00078816,0.00058842,0.00043489,0.0003182,0.00041352,0.0005595,0.00074943,0.00099376,0.0013045,0.0016953,0.0021811,0.0027779,0.0035026,0.004372,0.0054025,0.006609,0.0080038,0.0095957,0.011389,0.013382,0.015566,0.017924,0.020434,0.02306,0.025764,0.028496,0.031201,0.033821,0.036293,0.038555,0.040548,0.042216,0.043512,0.044398,0.044848,0.044848,0.044398,0.043512,0.042216,0.040548,0.038555,0.036293,0.033821,0.031201,0.028496,0.025764,0.02306,0.020434,0.017924,0.015566,0.013382,0.011389,0.0095957,0.0080038,0.006609,0.0054025,0.004372,0.0035026,0.0027779,0.0021811,0.0016953,0.0013045,0.00099376,0.00074943,0.0005595,0.00041352,0.00030256,0.00038926,0.00052667,0.00070546,0.00093545,0.001228,0.0015959,0.0020531,0.0026149,0.0032971,0.0041155,0.0050855,0.0062212,0.0075341,0.0090327,0.010721,0.012597,0.014652,0.016873,0.019235,0.021707,0.024252,0.026824,0.02937,0.031836,0.034164,0.036293,0.038169,0.039739,0.040959,0.041793,0.042216,0.042216,0.041793,0.040959,0.039739,0.038169,0.036293,0.034164,0.031836,0.02937,0.026824,0.024252,0.021707,0.019235,0.016873,0.014652,0.012597,0.010721,0.0090327,0.0075341,0.0062212,0.0050855,0.0041155,0.0032971,0.0026149,0.0020531,0.0015959,0.001228,0.00093545,0.00070546,0.00052667,0.00038926,0.00028481,0.00036274,0.0004908,0.0006574,0.00087173,0.0011444,0.0014872,0.0019133,0.0024368,0.0030725,0.0038352,0.0047391,0.0057974,0.0070209,0.0084174,0.0099905,0.011739,0.013654,0.015723,0.017924,0.020229,0.0226,0.024997,0.02737,0.029668,0.031836,0.033821,0.035569,0.037032,0.038169,0.038946,0.03934,0.03934,0.038946,0.038169,0.037032,0.035569,0.033821,0.031836,0.029668,0.02737,0.024997,0.0226,0.020229,0.017924,0.015723,0.013654,0.011739,0.0099905,0.0084174,0.0070209,0.0057974,0.0047391,0.0038352,0.0030725,0.0024368,0.0019133,0.0014872,0.0011444,0.00087173,0.0006574,0.0004908,0.00036274,0.00026541,0.00033464,0.00045278,0.00060648,0.00080421,0.0010557,0.001372,0.0017651,0.0022481,0.0028345,0.0035381,0.004372,0.0053483,0.0064771,0.0077654,0.0092166,0.010829,0.012597,0.014505,0.016536,0.018662,0.02085,0.02306,0.02525,0.02737,0.02937,0.031201,0.032814,0.034164,0.035212,0.035929,0.036293,0.036293,0.035929,0.035212,0.034164,0.032814,0.031201,0.02937,0.02737,0.02525,0.02306,0.02085,0.018662,0.016536,0.014505,0.012597,0.010829,0.0092166,0.0077654,0.0064771,0.0053483,0.004372,0.0035381,0.0028345,0.0022481,0.0017651,0.001372,0.0010557,0.00080421,0.00060648,0.00045278,0.00033464,0.00024485,0.00030563,0.00041352,0.00055389,0.00073448,0.00096417,0.001253,0.001612,0.0020531,0.0025887,0.0032313,0.0039929,0.0048846,0.0059155,0.0070921,0.0084174,0.0098903,0.011504,0.013248,0.015102,0.017044,0.019042,0.021061,0.02306,0.024997,0.026824,0.028496,0.029968,0.031201,0.032159,0.032814,0.033146,0.033146,0.032814,0.032159,0.031201,0.029968,0.028496,0.026824,0.024997,0.02306,0.021061,0.019042,0.017044,0.015102,0.013248,0.011504,0.0098903,0.0084174,0.0070921,0.0059155,0.0048846,0.0039929,0.0032313,0.0025887,0.0020531,0.001612,0.001253,0.00096417,0.00073448,0.00055389,0.00041352,0.00030563,0.00022362,0.00027633,0.00037388,0.00050079,0.00066406,0.00087173,0.0011329,0.0014575,0.0018563,0.0023405,0.0029215,0.0036101,0.0044163,0.0053483,0.0064121,0.0076104,0.0089421,0.010401,0.011978,0.013654,0.01541,0.017216,0.019042,0.02085,0.0226,0.024252,0.025764,0.027095,0.02821,0.029076,0.029668,0.029968,0.029968,0.029668,0.029076,0.02821,0.027095,0.025764,0.024252,0.0226,0.02085,0.019042,0.017216,0.01541,0.013654,0.011978,0.010401,0.0089421,0.0076104,0.0064121,0.0053483,0.0044163,0.0036101,0.0029215,0.0023405,0.0018563,0.0014575,0.0011329,0.00087173,0.00066406,0.00050079,0.00037388,0.00027633,0.00020218,0.00024733,0.00033464,0.00044824,0.00059438,0.00078026,0.001014,0.0013045,0.0016615,0.0020949,0.0026149,0.0032313,0.0039529,0.0047871,0.0057393,0.0068118,0.0080038,0.00931,0.010721,0.012221,0.013793,0.01541,0.017044,0.018662,0.020229,0.021707,0.02306,0.024252,0.02525,0.026025,0.026555,0.026824,0.026824,0.026555,0.026025,0.02525,0.024252,0.02306,0.021707,0.020229,0.018662,0.017044,0.01541,0.013793,0.012221,0.010721,0.00931,0.0080038,0.0068118,0.0057393,0.0047871,0.0039529,0.0032313,0.0026149,0.0020949,0.0016615,0.0013045,0.001014,0.00078026,0.00059438,0.00044824,0.00033464,0.00024733,0.00018096,0.00021916,0.00029652,0.00039718,0.00052667,0.00069138,0.00089849,0.0011559,0.0014722,0.0018563,0.0023171,0.0028632,0.0035026,0.0042418,0.0050855,0.0060359,0.0070921,0.0082495,0.0094995,0.010829,0.012221,0.013654,0.015102,0.016536,0.017924,0.019235,0.020434,0.02149,0.022374,0.02306,0.02353,0.023768,0.023768,0.02353,0.02306,0.022374,0.02149,0.020434,0.019235,0.017924,0.016536,0.015102,0.013654,0.012221,0.010829,0.0094995,0.0082495,0.0070921,0.0060359,0.0050855,0.0042418,0.0035026,0.0028632,0.0023171,0.0018563,0.0014722,0.0011559,0.00089849,0.00069138,0.00052667,0.00039718,0.00029652,0.00021916,0.00016035,0.00019224,0.00026011,0.00034841,0.000462,0.00060648,0.00078816,0.001014,0.0012915,0.0016284,0.0020325,0.0025116,0.0030725,0.0037209,0.004461,0.0052947,0.0062212,0.0072365,0.008333,0.0094995,0.010721,0.011978,0.013248,0.014505,0.015723,0.016873,0.017924,0.018851,0.019626,0.020229,0.02064,0.02085,0.02085,0.02064,0.020229,0.019626,0.018851,0.017924,0.016873,0.015723,0.014505,0.013248,0.011978,0.010721,0.0094995,0.008333,0.0072365,0.0062212,0.0052947,0.004461,0.0037209,0.0030725,0.0025116,0.0020325,0.0016284,0.0012915,0.001014,0.00078816,0.00060648,0.000462,0.00034841,0.00026011,0.00019224,0.00014066,0.00016695,0.00022588,0.00030256,0.0004012,0.00052667,0.00068445,0.00088056,0.0011215,0.0014141,0.0017651,0.0021811,0.0026682,0.0032313,0.003874,0.004598,0.0054025,0.0062842,0.0072365,0.0082495,0.00931,0.010401,0.011504,0.012597,0.013654,0.014652,0.015566,0.01637,0.017044,0.017567,0.017924,0.018106,0.018106,0.017924,0.017567,0.017044,0.01637,0.015566,0.014652,0.013654,0.012597,0.011504,0.010401,0.00931,0.0082495,0.0072365,0.0062842,0.0054025,0.004598,0.003874,0.0032313,0.0026682,0.0021811,0.0017651,0.0014141,0.0011215,0.00088056,0.00068445,0.00052667,0.0004012,0.00030256,0.00022588,0.00016695,0.00012215,0.00014352,0.00019419,0.00026011,0.00034492,0.00045278,0.00058842,0.00075702,0.00096417,0.0012157,0.0015174,0.0018751,0.0022938,0.0027779,0.0033305,0.0039529,0.0046446,0.0054025,0.0062212,0.0070921,0.0080038,0.0089421,0.0098903,0.010829,0.011739,0.012597,0.013382,0.014073,0.014652,0.015102,0.01541,0.015566,0.015566,0.01541,0.015102,0.014652,0.014073,0.013382,0.012597,0.011739,0.010829,0.0098903,0.0089421,0.0080038,0.0070921,0.0062212,0.0054025,0.0046446,0.0039529,0.0033305,0.0027779,0.0022938,0.0018751,0.0015174,0.0012157,0.00096417,0.00075702,0.00058842,0.00045278,0.00034492,0.00026011,0.00019419,0.00014352,0.00010501,0.00012215,0.00016527,0.00022138,0.00029355,0.00038535,0.00050079,0.00064429,0.00082058,0.0010346,0.0012915,0.0015959,0.0019522,0.0023643,0.0028345,0.0033642,0.0039529,0.004598,0.0052947,0.0060359,0.0068118,0.0076104,0.0084174,0.0092166,0.0099905,0.010721,0.011389,0.011978,0.01247,0.012853,0.013115,0.013248,0.013248,0.013115,0.012853,0.01247,0.011978,0.011389,0.010721,0.0099905,0.0092166,0.0084174,0.0076104,0.0068118,0.0060359,0.0052947,0.004598,0.0039529,0.0033642,0.0028345,0.0023643,0.0019522,0.0015959,0.0012915,0.0010346,0.00082058,0.00064429,0.00050079,0.00038535,0.00029355,0.00022138,0.00016527,0.00012215,8.9374e-05,0.00010292,0.00013925,0.00018652,0.00024733,0.00032468,0.00042194,0.00054284,0.00069138,0.00087173,0.0010881,0.0013446,0.0016449,0.001992,0.0023882,0.0028345,0.0033305,0.003874,0.004461,0.0050855,0.0057393,0.0064121,0.0070921,0.0077654,0.0084174,0.0090327,0.0095957,0.010092,0.010507,0.010829,0.01105,0.011162,0.011162,0.01105,0.010829,0.010507,0.010092,0.0095957,0.0090327,0.0084174,0.0077654,0.0070921,0.0064121,0.0057393,0.0050855,0.004461,0.003874,0.0033305,0.0028345,0.0023882,0.001992,0.0016449,0.0013446,0.0010881,0.00087173,0.00069138,0.00054284,0.00042194,0.00032468,0.00024733,0.00018652,0.00013925,0.00010292,7.5302e-05,8.5843e-05,0.00011615,0.00015558,0.0002063,0.00027081,0.00035194,0.00045278,0.00057668,0.00072711,0.00090759,0.0011215,0.001372,0.0016615,0.001992,0.0023643,0.0027779,0.0032313,0.0037209,0.0042418,0.0047871,0.0053483,0.0059155,0.0064771,0.0070209,0.0075341,0.0080038,0.0084174,0.0087637,0.0090327,0.0092166,0.00931,0.00931,0.0092166,0.0090327,0.0087637,0.0084174,0.0080038,0.0075341,0.0070209,0.0064771,0.0059155,0.0053483,0.0047871,0.0042418,0.0037209,0.0032313,0.0027779,0.0023643,0.001992,0.0016615,0.001372,0.0011215,0.00090759,0.00072711,0.00057668,0.00045278,0.00035194,0.00027081,0.0002063,0.00015558,0.00011615,8.5843e-05,6.2809e-05,7.0883e-05,9.5907e-05,0.00012846,0.00017035,0.00022362,0.00029061,0.00037388,0.00047618,0.0006004,0.00074943,0.00092607,0.0011329,0.001372,0.0016449,0.0019522,0.0022938,0.0026682,0.0030725,0.0035026,0.0039529,0.0044163,0.0048846,0.0053483,0.0057974,0.0062212,0.006609,0.0069505,0.0072365,0.0074586,0.0076104,0.0076875,0.0076875,0.0076104,0.0074586,0.0072365,0.0069505,0.006609,0.0062212,0.0057974,0.0053483,0.0048846,0.0044163,0.0039529,0.0035026,0.0030725,0.0026682,0.0022938,0.0019522,0.0016449,0.001372,0.0011329,0.00092607,0.00074943,0.0006004,0.00047618,0.00037388,0.00029061,0.00022362,0.00017035,0.00012846,9.5907e-05,7.0883e-05,5.1863e-05,5.7944e-05,7.8399e-05,0.00010501,0.00013925,0.0001828,0.00023756,0.00030563,0.00038926,0.0004908,0.00061262,0.00075702,0.00092607,0.0011215,0.0013446,0.0015959,0.0018751,0.0021811,0.0025116,0.0028632,0.0032313,0.0036101,0.0039929,0.004372,0.0047391,0.0050855,0.0054025,0.0056817,0.0059155,0.006097,0.0062212,0.0062842,0.0062842,0.0062212,0.006097,0.0059155,0.0056817,0.0054025,0.0050855,0.0047391,0.004372,0.0039929,0.0036101,0.0032313,0.0028632,0.0025116,0.0021811,0.0018751,0.0015959,0.0013446,0.0011215,0.00092607,0.00075702,0.00061262,0.0004908,0.00038926,0.00030563,0.00023756,0.0001828,0.00013925,0.00010501,7.8399e-05,5.7944e-05,4.2396e-05,4.6891e-05,6.3445e-05,8.4982e-05,0.00011269,0.00014793,0.00019224,0.00024733,0.00031501,0.00039718,0.00049577,0.00061262,0.00074943,0.00090759,0.0010881,0.0012915,0.0015174,0.0017651,0.0020325,0.0023171,0.0026149,0.0029215,0.0032313,0.0035381,0.0038352,0.0041155,0.004372,0.004598,0.0047871,0.0049341,0.0050345,0.0050855,0.0050855,0.0050345,0.0049341,0.0047871,0.004598,0.004372,0.0041155,0.0038352,0.0035381,0.0032313,0.0029215,0.0026149,0.0023171,0.0020325,0.0017651,0.0015174,0.0012915,0.0010881,0.00090759,0.00074943,0.00061262,0.00049577,0.00039718,0.00031501,0.00024733,0.00019224,0.00014793,0.00011269,8.4982e-05,6.3445e-05,4.6891e-05,3.4309e-05,3.7567e-05,5.0829e-05,6.8083e-05,9.028e-05,0.00011851,0.00015402,0.00019815,0.00025237,0.0003182,0.00039718,0.0004908,0.0006004,0.00072711,0.00087173,0.0010346,0.0012157,0.0014141,0.0016284,0.0018563,0.0020949,0.0023405,0.0025887,0.0028345,0.0030725,0.0032971,0.0035026,0.0036836,0.0038352,0.0039529,0.0040334,0.0040742,0.0040742,0.0040334,0.0039529,0.0038352,0.0036836,0.0035026,0.0032971,0.0030725,0.0028345,0.0025887,0.0023405,0.0020949,0.0018563,0.0016284,0.0014141,0.0012157,0.0010346,0.00087173,0.00072711,0.0006004,0.0004908,0.00039718,0.0003182,0.00025237,0.00019815,0.00015402,0.00011851,9.028e-05,6.8083e-05,5.0829e-05,3.7567e-05,2.7486e-05,2.9794e-05,4.0313e-05,5.3997e-05,7.1601e-05,9.3993e-05,0.00012215,0.00015715,0.00020015,0.00025237,0.00031501,0.00038926,0.00047618,0.00057668,0.00069138,0.00082058,0.00096417,0.0011215,0.0012915,0.0014722,0.0016615,0.0018563,0.0020531,0.0022481,0.0024368,0.0026149,0.0027779,0.0029215,0.0030417,0.0031351,0.0031989,0.0032313,0.0032313,0.0031989,0.0031351,0.0030417,0.0029215,0.0027779,0.0026149,0.0024368,0.0022481,0.0020531,0.0018563,0.0016615,0.0014722,0.0012915,0.0011215,0.00096417,0.00082058,0.00069138,0.00057668,0.00047618,0.00038926,0.00031501,0.00025237,0.00020015,0.00015715,0.00012215,9.3993e-05,7.1601e-05,5.3997e-05,4.0313e-05,2.9794e-05,2.18e-05,2.3393e-05,3.1652e-05,4.2396e-05,5.6218e-05,7.3799e-05,9.5907e-05,0.00012339,0.00015715,0.00019815,0.00024733,0.00030563,0.00037388,0.00045278,0.00054284,0.00064429,0.00075702,0.00088056,0.001014,0.0011559,0.0013045,0.0014575,0.001612,0.0017651,0.0019133,0.0020531,0.0021811,0.0022938,0.0023882,0.0024615,0.0025116,0.0025371,0.0025371,0.0025116,0.0024615,0.0023882,0.0022938,0.0021811,0.0020531,0.0019133,0.0017651,0.001612,0.0014575,0.0013045,0.0011559,0.001014,0.00088056,0.00075702,0.00064429,0.00054284,0.00045278,0.00037388,0.00030563,0.00024733,0.00019815,0.00015715,0.00012339,9.5907e-05,7.3799e-05,5.6218e-05,4.2396e-05,3.1652e-05,2.3393e-05,1.7116e-05,1.8183e-05,2.4602e-05,3.2954e-05,4.3697e-05,5.7363e-05,7.4547e-05,9.5907e-05,0.00012215,0.00015402,0.00019224,0.00023756,0.00029061,0.00035194,0.00042194,0.00050079,0.00058842,0.00068445,0.00078816,0.00089849,0.001014,0.0011329,0.001253,0.001372,0.0014872,0.0015959,0.0016953,0.001783,0.0018563,0.0019133,0.0019522,0.001972,0.001972,0.0019522,0.0019133,0.0018563,0.001783,0.0016953,0.0015959,0.0014872,0.001372,0.001253,0.0011329,0.001014,0.00089849,0.00078816,0.00068445,0.00058842,0.00050079,0.00042194,0.00035194,0.00029061,0.00023756,0.00019224,0.00015402,0.00012215,9.5907e-05,7.4547e-05,5.7363e-05,4.3697e-05,3.2954e-05,2.4602e-05,1.8183e-05,1.3304e-05,1.3992e-05,1.8931e-05,2.5357e-05,3.3625e-05,4.414e-05,5.7363e-05,7.3799e-05,9.3993e-05,0.00011851,0.00014793,0.0001828,0.00022362,0.00027081,0.00032468,0.00038535,0.00045278,0.00052667,0.00060648,0.00069138,0.00078026,0.00087173,0.00096417,0.0010557,0.0011444,0.001228,0.0013045,0.001372,0.0014284,0.0014722,0.0015022,0.0015174,0.0015174,0.0015022,0.0014722,0.0014284,0.001372,0.0013045,0.001228,0.0011444,0.0010557,0.00096417,0.00087173,0.00078026,0.00069138,0.00060648,0.00052667,0.00045278,0.00038535,0.00032468,0.00027081,0.00022362,0.0001828,0.00014793,0.00011851,9.3993e-05,7.3799e-05,5.7363e-05,4.414e-05,3.3625e-05,2.5357e-05,1.8931e-05,1.3992e-05,1.0237e-05,1.0658e-05,1.4421e-05,1.9317e-05,2.5614e-05,3.3625e-05,4.3697e-05,5.6218e-05,7.1601e-05,9.028e-05,0.00011269,0.00013925,0.00017035,0.0002063,0.00024733,0.00029355,0.00034492,0.0004012,0.000462,0.00052667,0.00059438,0.00066406,0.00073448,0.00080421,0.00087173,0.00093545,0.00099376,0.0010451,0.0010881,0.0011215,0.0011444,0.0011559,0.0011559,0.0011444,0.0011215,0.0010881,0.0010451,0.00099376,0.00093545,0.00087173,0.00080421,0.00073448,0.00066406,0.00059438,0.00052667,0.000462,0.0004012,0.00034492,0.00029355,0.00024733,0.0002063,0.00017035,0.00013925,0.00011269,9.028e-05,7.1601e-05,5.6218e-05,4.3697e-05,3.3625e-05,2.5614e-05,1.9317e-05,1.4421e-05,1.0658e-05,7.7985e-06,8.0379e-06,1.0875e-05,1.4567e-05,1.9317e-05,2.5357e-05,3.2954e-05,4.2396e-05,5.3997e-05,6.8083e-05,8.4982e-05,0.00010501,0.00012846,0.00015558,0.00018652,0.00022138,0.00026011,0.00030256,0.00034841,0.00039718,0.00044824,0.00050079,0.00055389,0.00060648,0.0006574,0.00070546,0.00074943,0.00078816,0.00082058,0.00084577,0.00086299,0.00087173,0.00087173,0.00086299,0.00084577,0.00082058,0.00078816,0.00074943,0.00070546,0.0006574,0.00060648,0.00055389,0.00050079,0.00044824,0.00039718,0.00034841,0.00030256,0.00026011,0.00022138,0.00018652,0.00015558,0.00012846,0.00010501,8.4982e-05,6.8083e-05,5.3997e-05,4.2396e-05,3.2954e-05,2.5357e-05,1.9317e-05,1.4567e-05,1.0875e-05,8.0379e-06,5.8811e-06,6.0008e-06,8.1193e-06,1.0875e-05,1.4421e-05,1.8931e-05,2.4602e-05,3.1652e-05,4.0313e-05,5.0829e-05,6.3445e-05,7.8399e-05,9.5907e-05,0.00011615,0.00013925,0.00016527,0.00019419,0.00022588,0.00026011,0.00029652,0.00033464,0.00037388,0.00041352,0.00045278,0.0004908,0.00052667,0.0005595,0.00058842,0.00061262,0.00063143,0.00064429,0.00065081,0.00065081,0.00064429,0.00063143,0.00061262,0.00058842,0.0005595,0.00052667,0.0004908,0.00045278,0.00041352,0.00037388,0.00033464,0.00029652,0.00026011,0.00022588,0.00019419,0.00016527,0.00013925,0.00011615,9.5907e-05,7.8399e-05,6.3445e-05,5.0829e-05,4.0313e-05,3.1652e-05,2.4602e-05,1.8931e-05,1.4421e-05,1.0875e-05,8.1193e-06,6.0008e-06,4.3907e-06,4.4351e-06,6.0008e-06,8.0379e-06,1.0658e-05,1.3992e-05,1.8183e-05,2.3393e-05,2.9794e-05,3.7567e-05,4.6891e-05,5.7944e-05,7.0883e-05,8.5843e-05,0.00010292,0.00012215,0.00014352,0.00016695,0.00019224,0.00021916,0.00024733,0.00027633,0.00030563,0.00033464,0.00036274,0.00038926,0.00041352,0.00043489,0.00045278,0.00046668,0.00047618,0.000481,0.000481,0.00047618,0.00046668,0.00045278,0.00043489,0.00041352,0.00038926,0.00036274,0.00033464,0.00030563,0.00027633,0.00024733,0.00021916,0.00019224,0.00016695,0.00014352,0.00012215,0.00010292,8.5843e-05,7.0883e-05,5.7944e-05,4.6891e-05,3.7567e-05,2.9794e-05,2.3393e-05,1.8183e-05,1.3992e-05,1.0658e-05,8.0379e-06,6.0008e-06,4.4351e-06,3.2451e-06,3.2451e-06,4.3907e-06,5.8811e-06,7.7985e-06,1.0237e-05,1.3304e-05,1.7116e-05,2.18e-05,2.7486e-05,3.4309e-05,4.2396e-05,5.1863e-05,6.2809e-05,7.5302e-05,8.9374e-05,0.00010501,0.00012215,0.00014066,0.00016035,0.00018096,0.00020218,0.00022362,0.00024485,0.00026541,0.00028481,0.00030256,0.0003182,0.00033129,0.00034146,0.00034841,0.00035194,0.00035194,0.00034841,0.00034146,0.00033129,0.0003182,0.00030256,0.00028481,0.00026541,0.00024485,0.00022362,0.00020218,0.00018096,0.00016035,0.00014066,0.00012215,0.00010501,8.9374e-05,7.5302e-05,6.2809e-05,5.1863e-05,4.2396e-05,3.4309e-05,2.7486e-05,2.18e-05,1.7116e-05,1.3304e-05,1.0237e-05,7.7985e-06,5.8811e-06,4.3907e-06,3.2451e-06,2.3743e-06
